vds	d(abs(I(Vds)))/d(VDS)
Step Information: Vgs=600m  (Run: 1/5)
0.000000000000000e+000	0.000000e+000
2.000000000000000e-002	5.511674e-004
4.000000000000000e-002	4.723166e-004
6.000000000000000e-002	3.968918e-004
8.000000000000000e-002	3.254227e-004
1.000000000000000e-001	2.590840e-004
1.200000000000000e-001	1.999843e-004
1.400000000000000e-001	1.508893e-004
1.600000000000000e-001	1.138573e-004
1.800000000000000e-001	8.867937e-005
2.000000000000000e-001	7.292947e-005
2.200000000000000e-001	6.351165e-005
2.400000000000000e-001	5.793436e-005
2.600000000000000e-001	5.459679e-005
2.800000000000000e-001	5.256861e-005
3.000000000000000e-001	5.132461e-005
3.200000000000000e-001	5.056627e-005
3.400000000000000e-001	5.011898e-005
3.600000000000000e-001	4.987742e-005
3.800000000000001e-001	4.977646e-005
4.000000000000001e-001	4.977373e-005
4.200000000000001e-001	4.984158e-005
4.400000000000001e-001	4.996127e-005
4.600000000000001e-001	5.011934e-005
4.800000000000002e-001	5.030670e-005
5.000000000000001e-001	5.051661e-005
5.200000000000001e-001	5.074417e-005
5.400000000000002e-001	5.098555e-005
5.600000000000002e-001	5.123784e-005
5.800000000000002e-001	5.149905e-005
6.000000000000002e-001	5.176717e-005
6.200000000000002e-001	5.204129e-005
6.400000000000002e-001	5.232014e-005
6.600000000000003e-001	5.260263e-005
6.800000000000003e-001	5.288839e-005
7.000000000000003e-001	5.317688e-005
7.200000000000003e-001	5.346737e-005
7.400000000000003e-001	5.375932e-005
7.600000000000003e-001	5.405309e-005
7.800000000000004e-001	5.434777e-005
8.000000000000004e-001	5.464335e-005
8.200000000000004e-001	5.493985e-005
8.400000000000004e-001	5.523652e-005
8.600000000000004e-001	5.553356e-005
8.800000000000005e-001	5.583115e-005
9.000000000000005e-001	5.612892e-005
9.200000000000005e-001	5.642651e-005
9.400000000000005e-001	5.672428e-005
9.600000000000005e-001	5.702186e-005
9.800000000000005e-001	5.731908e-005
1.000000000000000e+000	5.761631e-005
1.020000000000001e+000	5.791335e-005
1.040000000000001e+000	5.820984e-005
1.060000000000001e+000	5.850616e-005
1.080000000000001e+000	5.880211e-005
1.100000000000001e+000	5.909751e-005
1.120000000000001e+000	5.939273e-005
1.140000000000001e+000	5.968723e-005
1.160000000000001e+000	5.998136e-005
1.180000000000001e+000	6.027494e-005
1.200000000000001e+000	6.056798e-005
1.220000000000001e+000	6.086048e-005
1.240000000000001e+000	6.115242e-005
1.260000000000001e+000	6.144401e-005
1.280000000000001e+000	6.173486e-005
1.300000000000001e+000	6.202499e-005
1.320000000000001e+000	6.231458e-005
1.340000000000001e+000	6.260379e-005
1.360000000000001e+000	6.289210e-005
1.380000000000001e+000	6.317969e-005
1.400000000000001e+000	6.346709e-005
1.420000000000001e+000	6.375376e-005
1.440000000000001e+000	6.403934e-005
1.460000000000001e+000	6.432492e-005
1.480000000000001e+000	6.460941e-005
1.500000000000001e+000	6.489317e-005
1.520000000000001e+000	6.517657e-005
1.540000000000001e+000	6.545924e-005
1.560000000000001e+000	6.574119e-005
1.580000000000001e+000	6.602240e-005
1.600000000000001e+000	6.630326e-005
1.620000000000001e+000	6.658302e-005
1.640000000000001e+000	6.686241e-005
1.660000000000001e+000	6.714108e-005
1.680000000000001e+000	6.741866e-005
1.700000000000001e+000	6.769624e-005
1.720000000000001e+000	6.797309e-005
1.740000000000001e+000	6.824848e-005
1.760000000000001e+000	6.852388e-005
1.780000000000001e+000	6.879854e-005
1.800000000000000e+000	6.893533e-005
Step Information: Vgs=900m  (Run: 2/5)
0.000000000000000e+000	0.000000e+000
2.000000000000000e-002	1.396744e-003
4.000000000000000e-002	1.304807e-003
6.000000000000000e-002	1.215579e-003
8.000000000000000e-002	1.128908e-003
1.000000000000000e-001	1.044643e-003
1.200000000000000e-001	9.626328e-004
1.400000000000000e-001	8.827268e-004
1.600000000000000e-001	8.047798e-004
1.800000000000000e-001	7.286650e-004
2.000000000000000e-001	6.543065e-004
2.200000000000000e-001	5.817416e-004
2.400000000000000e-001	5.112299e-004
2.600000000000000e-001	4.434147e-004
2.800000000000000e-001	3.794710e-004
3.000000000000000e-001	3.210786e-004
3.200000000000000e-001	2.700537e-004
3.400000000000000e-001	2.276880e-004
3.600000000000000e-001	1.942208e-004
3.800000000000001e-001	1.688270e-004
4.000000000000001e-001	1.500564e-004
4.200000000000001e-001	1.363485e-004
4.400000000000001e-001	1.263463e-004
4.600000000000001e-001	1.190027e-004
4.800000000000002e-001	1.135551e-004
5.000000000000001e-001	1.094646e-004
5.200000000000001e-001	1.063549e-004
5.400000000000002e-001	1.039647e-004
5.600000000000002e-001	1.021093e-004
5.800000000000002e-001	1.006556e-004
6.000000000000002e-001	9.950891e-005
6.200000000000002e-001	9.860014e-005
6.400000000000002e-001	9.787764e-005
6.600000000000003e-001	9.730284e-005
6.800000000000003e-001	9.684663e-005
7.000000000000003e-001	9.648647e-005
7.200000000000003e-001	9.620417e-005
7.400000000000003e-001	9.598662e-005
7.600000000000003e-001	9.582291e-005
7.800000000000004e-001	9.570431e-005
8.000000000000004e-001	9.562282e-005
8.200000000000004e-001	9.557261e-005
8.400000000000004e-001	9.555079e-005
8.600000000000004e-001	9.555224e-005
8.800000000000005e-001	9.557407e-005
9.000000000000005e-001	9.561336e-005
9.200000000000005e-001	9.566720e-005
9.400000000000005e-001	9.573487e-005
9.600000000000005e-001	9.581418e-005
9.800000000000005e-001	9.590294e-005
1.000000000000000e+000	9.600117e-005
1.020000000000001e+000	9.610812e-005
1.040000000000001e+000	9.622163e-005
1.060000000000001e+000	9.634095e-005
1.080000000000001e+000	9.646683e-005
1.100000000000001e+000	9.659707e-005
1.120000000000001e+000	9.673167e-005
1.140000000000001e+000	9.687137e-005
1.160000000000001e+000	9.701471e-005
1.180000000000001e+000	9.716023e-005
1.200000000000001e+000	9.730938e-005
1.220000000000001e+000	9.746145e-005
1.240000000000001e+000	9.761570e-005
1.260000000000001e+000	9.777214e-005
1.280000000000001e+000	9.793002e-005
1.300000000000001e+000	9.809155e-005
1.320000000000001e+000	9.825380e-005
1.340000000000001e+000	9.841679e-005
1.360000000000001e+000	9.858195e-005
1.380000000000001e+000	9.874784e-005
1.400000000000001e+000	9.891519e-005
1.420000000000001e+000	9.908399e-005
1.440000000000001e+000	9.925425e-005
1.460000000000001e+000	9.942451e-005
1.480000000000001e+000	9.959476e-005
1.500000000000001e+000	9.976720e-005
1.520000000000001e+000	9.994037e-005
1.540000000000001e+000	1.001135e-004
1.560000000000001e+000	1.002874e-004
1.580000000000001e+000	1.004613e-004
1.600000000000001e+000	1.006367e-004
1.620000000000001e+000	1.008120e-004
1.640000000000001e+000	1.009874e-004
1.660000000000001e+000	1.011635e-004
1.680000000000001e+000	1.013395e-004
1.700000000000001e+000	1.015163e-004
1.720000000000001e+000	1.016931e-004
1.740000000000001e+000	1.018707e-004
1.760000000000001e+000	1.020482e-004
1.780000000000001e+000	1.022257e-004
1.800000000000000e+000	1.023145e-004
Step Information: Vgs=1.2  (Run: 3/5)
0.000000000000000e+000	0.000000e+000
2.000000000000000e-002	1.933612e-003
4.000000000000000e-002	1.847500e-003
6.000000000000000e-002	1.763491e-003
8.000000000000000e-002	1.681497e-003
1.000000000000000e-001	1.601426e-003
1.200000000000000e-001	1.523190e-003
1.400000000000000e-001	1.446695e-003
1.600000000000000e-001	1.371846e-003
1.800000000000000e-001	1.298543e-003
2.000000000000000e-001	1.226680e-003
2.200000000000000e-001	1.156142e-003
2.400000000000000e-001	1.086805e-003
2.600000000000000e-001	1.018530e-003
2.800000000000000e-001	9.511677e-004
3.000000000000000e-001	8.845615e-004
3.200000000000000e-001	8.185554e-004
3.400000000000000e-001	7.530238e-004
3.600000000000000e-001	6.879149e-004
3.800000000000001e-001	6.233378e-004
4.000000000000001e-001	5.596725e-004
4.200000000000001e-001	4.976842e-004
4.400000000000001e-001	4.385642e-004
4.600000000000001e-001	3.837951e-004
4.800000000000002e-001	3.348250e-004
5.000000000000001e-001	2.926579e-004
5.200000000000001e-001	2.575995e-004
5.400000000000002e-001	2.292669e-004
5.600000000000002e-001	2.068176e-004
5.800000000000002e-001	1.892317e-004
6.000000000000002e-001	1.755092e-004
6.200000000000002e-001	1.647888e-004
6.400000000000002e-001	1.563749e-004
6.600000000000003e-001	1.497232e-004
6.800000000000003e-001	1.444248e-004
7.000000000000003e-001	1.401670e-004
7.200000000000003e-001	1.367167e-004
7.400000000000003e-001	1.339024e-004
7.600000000000003e-001	1.315857e-004
7.800000000000004e-001	1.296692e-004
8.000000000000004e-001	1.280729e-004
8.200000000000004e-001	1.267355e-004
8.400000000000004e-001	1.256121e-004
8.600000000000004e-001	1.246633e-004
8.800000000000005e-001	1.238615e-004
9.000000000000005e-001	1.231805e-004
9.200000000000005e-001	1.226013e-004
9.400000000000005e-001	1.221095e-004
9.600000000000005e-001	1.216918e-004
9.800000000000005e-001	1.213382e-004
1.000000000000000e+000	1.210399e-004
1.020000000000001e+000	1.207867e-004
1.040000000000001e+000	1.205743e-004
1.060000000000001e+000	1.203996e-004
1.080000000000001e+000	1.202570e-004
1.100000000000001e+000	1.201406e-004
1.120000000000001e+000	1.200489e-004
1.140000000000001e+000	1.199791e-004
1.160000000000001e+000	1.199296e-004
1.180000000000001e+000	1.198961e-004
1.200000000000001e+000	1.198772e-004
1.220000000000001e+000	1.198758e-004
1.240000000000001e+000	1.198845e-004
1.260000000000001e+000	1.199020e-004
1.280000000000001e+000	1.199325e-004
1.300000000000001e+000	1.199733e-004
1.320000000000001e+000	1.200213e-004
1.340000000000001e+000	1.200751e-004
1.360000000000001e+000	1.201377e-004
1.380000000000001e+000	1.202076e-004
1.400000000000001e+000	1.202818e-004
1.420000000000001e+000	1.203603e-004
1.440000000000001e+000	1.204447e-004
1.460000000000001e+000	1.205364e-004
1.480000000000001e+000	1.206296e-004
1.500000000000001e+000	1.207256e-004
1.520000000000001e+000	1.208260e-004
1.540000000000001e+000	1.209308e-004
1.560000000000001e+000	1.210385e-004
1.580000000000001e+000	1.211491e-004
1.600000000000001e+000	1.212626e-004
1.620000000000001e+000	1.213761e-004
1.640000000000001e+000	1.214939e-004
1.660000000000001e+000	1.216147e-004
1.680000000000001e+000	1.217355e-004
1.700000000000001e+000	1.218577e-004
1.720000000000001e+000	1.219843e-004
1.740000000000001e+000	1.221124e-004
1.760000000000001e+000	1.222390e-004
1.780000000000001e+000	1.223685e-004
1.800000000000000e+000	1.224340e-004
Step Information: Vgs=1.5  (Run: 4/5)
0.000000000000000e+000	0.000000e+000
2.000000000000000e-002	2.265044e-003
4.000000000000000e-002	2.188354e-003
6.000000000000000e-002	2.113229e-003
8.000000000000000e-002	2.039618e-003
1.000000000000000e-001	1.967469e-003
1.200000000000000e-001	1.896732e-003
1.400000000000000e-001	1.827355e-003
1.600000000000000e-001	1.759285e-003
1.800000000000000e-001	1.692471e-003
2.000000000000000e-001	1.626860e-003
2.200000000000000e-001	1.562393e-003
2.400000000000000e-001	1.499012e-003
2.600000000000000e-001	1.436654e-003
2.800000000000000e-001	1.375250e-003
3.000000000000000e-001	1.314725e-003
3.200000000000000e-001	1.254995e-003
3.400000000000000e-001	1.195965e-003
3.600000000000000e-001	1.137529e-003
3.800000000000001e-001	1.079569e-003
4.000000000000001e-001	1.021948e-003
4.200000000000001e-001	9.645140e-004
4.400000000000001e-001	9.071111e-004
4.600000000000001e-001	8.495801e-004
4.800000000000002e-001	7.917915e-004
5.000000000000001e-001	7.336930e-004
5.200000000000001e-001	6.753631e-004
5.400000000000002e-001	6.171074e-004
5.600000000000002e-001	5.595357e-004
5.800000000000002e-001	5.035821e-004
6.000000000000002e-001	4.504443e-004
6.200000000000002e-001	4.013767e-004
6.400000000000002e-001	3.574256e-004
6.600000000000003e-001	3.192050e-004
6.800000000000003e-001	2.868139e-004
7.000000000000003e-001	2.599161e-004
7.200000000000003e-001	2.378933e-004
7.400000000000003e-001	2.200104e-004
7.600000000000003e-001	2.055400e-004
7.800000000000004e-001	1.938286e-004
8.000000000000004e-001	1.843233e-004
8.200000000000004e-001	1.765715e-004
8.400000000000004e-001	1.702152e-004
8.600000000000004e-001	1.649722e-004
8.800000000000005e-001	1.606182e-004
9.000000000000005e-001	1.569817e-004
9.200000000000005e-001	1.539272e-004
9.400000000000005e-001	1.513472e-004
9.600000000000005e-001	1.491528e-004
9.800000000000005e-001	1.472799e-004
1.000000000000000e+000	1.456763e-004
1.020000000000001e+000	1.442939e-004
1.040000000000001e+000	1.431006e-004
1.060000000000001e+000	1.420674e-004
1.080000000000001e+000	1.411696e-004
1.100000000000001e+000	1.403867e-004
1.120000000000001e+000	1.397042e-004
1.140000000000001e+000	1.391105e-004
1.160000000000001e+000	1.385910e-004
1.180000000000001e+000	1.381355e-004
1.200000000000001e+000	1.377382e-004
1.220000000000001e+000	1.373919e-004
1.240000000000001e+000	1.370892e-004
1.260000000000001e+000	1.368273e-004
1.280000000000001e+000	1.366003e-004
1.300000000000001e+000	1.364024e-004
1.320000000000001e+000	1.362350e-004
1.340000000000001e+000	1.360924e-004
1.360000000000001e+000	1.359702e-004
1.380000000000001e+000	1.358712e-004
1.400000000000001e+000	1.357897e-004
1.420000000000001e+000	1.357228e-004
1.440000000000001e+000	1.356733e-004
1.460000000000001e+000	1.356369e-004
1.480000000000001e+000	1.356122e-004
1.500000000000001e+000	1.356006e-004
1.520000000000001e+000	1.355991e-004
1.540000000000001e+000	1.356064e-004
1.560000000000001e+000	1.356224e-004
1.580000000000001e+000	1.356471e-004
1.600000000000001e+000	1.356806e-004
1.620000000000001e+000	1.357199e-004
1.640000000000001e+000	1.357635e-004
1.660000000000001e+000	1.358159e-004
1.680000000000001e+000	1.358741e-004
1.700000000000001e+000	1.359353e-004
1.720000000000001e+000	1.360022e-004
1.740000000000001e+000	1.360750e-004
1.760000000000001e+000	1.361506e-004
1.780000000000001e+000	1.362292e-004
1.800000000000000e+000	1.362700e-004
Step Information: Vgs=1.8  (Run: 5/5)
0.000000000000000e+000	0.000000e+000
2.000000000000000e-002	2.464933e-003
4.000000000000000e-002	2.397802e-003
6.000000000000000e-002	2.331826e-003
8.000000000000000e-002	2.266974e-003
1.000000000000000e-001	2.203216e-003
1.200000000000000e-001	2.140523e-003
1.400000000000000e-001	2.078865e-003
1.600000000000000e-001	2.018210e-003
1.800000000000000e-001	1.958531e-003
2.000000000000000e-001	1.899798e-003
2.200000000000000e-001	1.841978e-003
2.400000000000000e-001	1.785042e-003
2.600000000000000e-001	1.728958e-003
2.800000000000000e-001	1.673691e-003
3.000000000000000e-001	1.619208e-003
3.200000000000000e-001	1.565469e-003
3.400000000000000e-001	1.512434e-003
3.600000000000000e-001	1.460062e-003
3.800000000000001e-001	1.408302e-003
4.000000000000001e-001	1.357103e-003
4.200000000000001e-001	1.306405e-003
4.400000000000001e-001	1.256139e-003
4.600000000000001e-001	1.206226e-003
4.800000000000002e-001	1.156582e-003
5.000000000000001e-001	1.107102e-003
5.200000000000001e-001	1.057668e-003
5.400000000000002e-001	1.008154e-003
5.600000000000002e-001	9.584168e-004
5.800000000000002e-001	9.083044e-004
6.000000000000002e-001	8.576768e-004
6.200000000000002e-001	8.064177e-004
6.400000000000002e-001	7.544761e-004
6.600000000000003e-001	7.019291e-004
6.800000000000003e-001	6.490212e-004
7.000000000000003e-001	5.962327e-004
7.200000000000003e-001	5.443144e-004
7.400000000000003e-001	4.942151e-004
7.600000000000003e-001	4.469766e-004
7.800000000000004e-001	4.035624e-004
8.000000000000004e-001	3.646623e-004
8.200000000000004e-001	3.306108e-004
8.400000000000004e-001	3.013905e-004
8.600000000000004e-001	2.766959e-004
8.800000000000005e-001	2.560380e-004
9.000000000000005e-001	2.388639e-004
9.200000000000005e-001	2.246321e-004
9.400000000000005e-001	2.128421e-004
9.600000000000005e-001	2.030516e-004
9.800000000000005e-001	1.948909e-004
1.000000000000000e+000	1.880690e-004
1.020000000000001e+000	1.823355e-004
1.040000000000001e+000	1.774926e-004
1.060000000000001e+000	1.733832e-004
1.080000000000001e+000	1.698732e-004
1.100000000000001e+000	1.668697e-004
1.120000000000001e+000	1.642853e-004
1.140000000000001e+000	1.620501e-004
1.160000000000001e+000	1.601089e-004
1.180000000000001e+000	1.584180e-004
1.200000000000001e+000	1.569424e-004
1.220000000000001e+000	1.556473e-004
1.240000000000001e+000	1.545093e-004
1.260000000000001e+000	1.535052e-004
1.280000000000001e+000	1.526205e-004
1.300000000000001e+000	1.518405e-004
1.320000000000001e+000	1.511478e-004
1.340000000000001e+000	1.505308e-004
1.360000000000001e+000	1.499866e-004
1.380000000000001e+000	1.495035e-004
1.400000000000001e+000	1.490698e-004
1.420000000000001e+000	1.486915e-004
1.440000000000001e+000	1.483539e-004
1.460000000000001e+000	1.480512e-004
1.480000000000001e+000	1.477863e-004
1.500000000000001e+000	1.475535e-004
1.520000000000001e+000	1.473498e-004
1.540000000000001e+000	1.471693e-004
1.560000000000001e+000	1.470122e-004
1.580000000000001e+000	1.468754e-004
1.600000000000001e+000	1.467590e-004
1.620000000000001e+000	1.466600e-004
1.640000000000001e+000	1.465756e-004
1.660000000000001e+000	1.465087e-004
1.680000000000001e+000	1.464534e-004
1.700000000000001e+000	1.464097e-004
1.720000000000001e+000	1.463777e-004
1.740000000000001e+000	1.463573e-004
1.760000000000001e+000	1.463457e-004
1.780000000000001e+000	1.463428e-004
1.800000000000000e+000	1.463457e-004
