vds	abs(I(Vds))
Step Information: Vgs=600m  (Run: 1/5)
0.000000000000000e+000	0.000000e+000
2.000000000000000e-002	1.182824e-005
4.000000000000000e-002	2.204670e-005
6.000000000000000e-002	3.072090e-005
8.000000000000000e-002	3.792237e-005
1.000000000000000e-001	4.373781e-005
1.200000000000000e-001	4.828573e-005
1.400000000000000e-001	5.173718e-005
1.600000000000000e-001	5.432130e-005
1.800000000000000e-001	5.629148e-005
2.000000000000000e-001	5.786848e-005
2.200000000000000e-001	5.920865e-005
2.400000000000000e-001	6.040894e-005
2.600000000000000e-001	6.152603e-005
2.800000000000000e-001	6.259282e-005
3.000000000000000e-001	6.362877e-005
3.200000000000000e-001	6.464580e-005
3.400000000000000e-001	6.565142e-005
3.600000000000000e-001	6.665056e-005
3.800000000000001e-001	6.764652e-005
4.000000000000001e-001	6.864162e-005
4.200000000000001e-001	6.963747e-005
4.400000000000001e-001	7.063528e-005
4.600000000000001e-001	7.163592e-005
4.800000000000002e-001	7.264005e-005
5.000000000000001e-001	7.364819e-005
5.200000000000001e-001	7.466072e-005
5.400000000000002e-001	7.567796e-005
5.600000000000002e-001	7.670014e-005
5.800000000000002e-001	7.772747e-005
6.000000000000002e-001	7.876010e-005
6.200000000000002e-001	7.979816e-005
6.400000000000002e-001	8.084175e-005
6.600000000000003e-001	8.189096e-005
6.800000000000003e-001	8.294586e-005
7.000000000000003e-001	8.400650e-005
7.200000000000003e-001	8.507293e-005
7.400000000000003e-001	8.614519e-005
7.600000000000003e-001	8.722331e-005
7.800000000000004e-001	8.830732e-005
8.000000000000004e-001	8.939722e-005
8.200000000000004e-001	9.049305e-005
8.400000000000004e-001	9.159481e-005
8.600000000000004e-001	9.270251e-005
8.800000000000005e-001	9.381615e-005
9.000000000000005e-001	9.493576e-005
9.200000000000005e-001	9.606131e-005
9.400000000000005e-001	9.719282e-005
9.600000000000005e-001	9.833028e-005
9.800000000000005e-001	9.947369e-005
1.000000000000000e+000	1.006230e-004
1.020000000000001e+000	1.017783e-004
1.040000000000001e+000	1.029396e-004
1.060000000000001e+000	1.041067e-004
1.080000000000001e+000	1.052798e-004
1.100000000000001e+000	1.064588e-004
1.120000000000001e+000	1.076437e-004
1.140000000000001e+000	1.088345e-004
1.160000000000001e+000	1.100312e-004
1.180000000000001e+000	1.112338e-004
1.200000000000001e+000	1.124422e-004
1.220000000000001e+000	1.136565e-004
1.240000000000001e+000	1.148766e-004
1.260000000000001e+000	1.161026e-004
1.280000000000001e+000	1.173344e-004
1.300000000000001e+000	1.185720e-004
1.320000000000001e+000	1.198154e-004
1.340000000000001e+000	1.210646e-004
1.360000000000001e+000	1.223195e-004
1.380000000000001e+000	1.235803e-004
1.400000000000001e+000	1.248467e-004
1.420000000000001e+000	1.261189e-004
1.440000000000001e+000	1.273969e-004
1.460000000000001e+000	1.286805e-004
1.480000000000001e+000	1.299699e-004
1.500000000000001e+000	1.312649e-004
1.520000000000001e+000	1.325656e-004
1.540000000000001e+000	1.338720e-004
1.560000000000001e+000	1.351840e-004
1.580000000000001e+000	1.365016e-004
1.600000000000001e+000	1.378249e-004
1.620000000000001e+000	1.391537e-004
1.640000000000001e+000	1.404882e-004
1.660000000000001e+000	1.418282e-004
1.680000000000001e+000	1.431738e-004
1.700000000000001e+000	1.445250e-004
1.720000000000001e+000	1.458817e-004
1.740000000000001e+000	1.472439e-004
1.760000000000001e+000	1.486116e-004
1.780000000000001e+000	1.499849e-004
1.800000000000000e+000	1.513636e-004
Step Information: Vgs=900m  (Run: 2/5)
0.000000000000000e+000	0.000000e+000
2.000000000000000e-002	2.886818e-005
4.000000000000000e-002	5.586978e-005
6.000000000000000e-002	8.106048e-005
8.000000000000000e-002	1.044929e-004
1.000000000000000e-001	1.262168e-004
1.200000000000000e-001	1.462786e-004
1.400000000000000e-001	1.647221e-004
1.600000000000000e-001	1.815877e-004
1.800000000000000e-001	1.969133e-004
2.000000000000000e-001	2.107343e-004
2.200000000000000e-001	2.230855e-004
2.400000000000000e-001	2.340040e-004
2.600000000000000e-001	2.435347e-004
2.800000000000000e-001	2.517406e-004
3.000000000000000e-001	2.587136e-004
3.200000000000000e-001	2.645837e-004
3.400000000000000e-001	2.695157e-004
3.600000000000000e-001	2.736912e-004
3.800000000000001e-001	2.772846e-004
4.000000000000001e-001	2.804443e-004
4.200000000000001e-001	2.832868e-004
4.400000000000001e-001	2.858982e-004
4.600000000000001e-001	2.883407e-004
4.800000000000002e-001	2.906584e-004
5.000000000000001e-001	2.928829e-004
5.200000000000001e-001	2.950369e-004
5.400000000000002e-001	2.971371e-004
5.600000000000002e-001	2.991955e-004
5.800000000000002e-001	3.012214e-004
6.000000000000002e-001	3.032218e-004
6.200000000000002e-001	3.052018e-004
6.400000000000002e-001	3.071658e-004
6.600000000000003e-001	3.091169e-004
6.800000000000003e-001	3.110579e-004
7.000000000000003e-001	3.129908e-004
7.200000000000003e-001	3.149173e-004
7.400000000000003e-001	3.168389e-004
7.600000000000003e-001	3.187568e-004
7.800000000000004e-001	3.206719e-004
8.000000000000004e-001	3.225850e-004
8.200000000000004e-001	3.244968e-004
8.400000000000004e-001	3.264079e-004
8.600000000000004e-001	3.283188e-004
8.800000000000005e-001	3.302300e-004
9.000000000000005e-001	3.321418e-004
9.200000000000005e-001	3.340545e-004
9.400000000000005e-001	3.359684e-004
9.600000000000005e-001	3.378839e-004
9.800000000000005e-001	3.398010e-004
1.000000000000000e+000	3.417200e-004
1.020000000000001e+000	3.436411e-004
1.040000000000001e+000	3.455643e-004
1.060000000000001e+000	3.474899e-004
1.080000000000001e+000	3.494180e-004
1.100000000000001e+000	3.513486e-004
1.120000000000001e+000	3.532819e-004
1.140000000000001e+000	3.552179e-004
1.160000000000001e+000	3.571567e-004
1.180000000000001e+000	3.590985e-004
1.200000000000001e+000	3.610431e-004
1.220000000000001e+000	3.629908e-004
1.240000000000001e+000	3.649416e-004
1.260000000000001e+000	3.668955e-004
1.280000000000001e+000	3.688525e-004
1.300000000000001e+000	3.708127e-004
1.320000000000001e+000	3.727761e-004
1.340000000000001e+000	3.747428e-004
1.360000000000001e+000	3.767128e-004
1.380000000000001e+000	3.786861e-004
1.400000000000001e+000	3.806627e-004
1.420000000000001e+000	3.826427e-004
1.440000000000001e+000	3.846261e-004
1.460000000000001e+000	3.866129e-004
1.480000000000001e+000	3.886030e-004
1.500000000000001e+000	3.905967e-004
1.520000000000001e+000	3.925937e-004
1.540000000000001e+000	3.945943e-004
1.560000000000001e+000	3.965983e-004
1.580000000000001e+000	3.986058e-004
1.600000000000001e+000	4.006167e-004
1.620000000000001e+000	4.026312e-004
1.640000000000001e+000	4.046492e-004
1.660000000000001e+000	4.066707e-004
1.680000000000001e+000	4.086957e-004
1.700000000000001e+000	4.107243e-004
1.720000000000001e+000	4.127564e-004
1.740000000000001e+000	4.147920e-004
1.760000000000001e+000	4.168312e-004
1.780000000000001e+000	4.188740e-004
1.800000000000000e+000	4.209203e-004
Step Information: Vgs=1.2  (Run: 3/5)
0.000000000000000e+000	0.000000e+000
2.000000000000000e-002	3.954412e-005
4.000000000000000e-002	7.734449e-005
6.000000000000000e-002	1.134441e-004
8.000000000000000e-002	1.478841e-004
1.000000000000000e-001	1.807040e-004
1.200000000000000e-001	2.119412e-004
1.400000000000000e-001	2.416316e-004
1.600000000000000e-001	2.698090e-004
1.800000000000000e-001	2.965054e-004
2.000000000000000e-001	3.217507e-004
2.200000000000000e-001	3.455726e-004
2.400000000000000e-001	3.679964e-004
2.600000000000000e-001	3.890448e-004
2.800000000000000e-001	4.087376e-004
3.000000000000000e-001	4.270915e-004
3.200000000000000e-001	4.441201e-004
3.400000000000000e-001	4.598337e-004
3.600000000000000e-001	4.742410e-004
3.800000000000001e-001	4.873503e-004
4.000000000000001e-001	4.991745e-004
4.200000000000001e-001	5.097372e-004
4.400000000000001e-001	5.190819e-004
4.600000000000001e-001	5.272798e-004
4.800000000000002e-001	5.344337e-004
5.000000000000001e-001	5.406728e-004
5.200000000000001e-001	5.461400e-004
5.400000000000002e-001	5.509768e-004
5.600000000000002e-001	5.553107e-004
5.800000000000002e-001	5.592495e-004
6.000000000000002e-001	5.628800e-004
6.200000000000002e-001	5.662699e-004
6.400000000000002e-001	5.694715e-004
6.600000000000003e-001	5.725248e-004
6.800000000000003e-001	5.754604e-004
7.000000000000003e-001	5.783018e-004
7.200000000000003e-001	5.810671e-004
7.400000000000003e-001	5.837705e-004
7.600000000000003e-001	5.864232e-004
7.800000000000004e-001	5.890339e-004
8.000000000000004e-001	5.916100e-004
8.200000000000004e-001	5.941569e-004
8.400000000000004e-001	5.966794e-004
8.600000000000004e-001	5.991813e-004
8.800000000000005e-001	6.016659e-004
9.000000000000005e-001	6.041358e-004
9.200000000000005e-001	6.065932e-004
9.400000000000005e-001	6.090399e-004
9.600000000000005e-001	6.114775e-004
9.800000000000005e-001	6.139075e-004
1.000000000000000e+000	6.163311e-004
1.020000000000001e+000	6.187491e-004
1.040000000000001e+000	6.211625e-004
1.060000000000001e+000	6.235721e-004
1.080000000000001e+000	6.259785e-004
1.100000000000001e+000	6.283824e-004
1.120000000000001e+000	6.307841e-004
1.140000000000001e+000	6.331843e-004
1.160000000000001e+000	6.355833e-004
1.180000000000001e+000	6.379815e-004
1.200000000000001e+000	6.403791e-004
1.220000000000001e+000	6.427766e-004
1.240000000000001e+000	6.451742e-004
1.260000000000001e+000	6.475720e-004
1.280000000000001e+000	6.499703e-004
1.300000000000001e+000	6.523693e-004
1.320000000000001e+000	6.547692e-004
1.340000000000001e+000	6.571701e-004
1.360000000000001e+000	6.595722e-004
1.380000000000001e+000	6.619756e-004
1.400000000000001e+000	6.643805e-004
1.420000000000001e+000	6.667869e-004
1.440000000000001e+000	6.691949e-004
1.460000000000001e+000	6.716047e-004
1.480000000000001e+000	6.740164e-004
1.500000000000001e+000	6.764299e-004
1.520000000000001e+000	6.788454e-004
1.540000000000001e+000	6.812629e-004
1.560000000000001e+000	6.836826e-004
1.580000000000001e+000	6.861045e-004
1.600000000000001e+000	6.885286e-004
1.620000000000001e+000	6.909550e-004
1.640000000000001e+000	6.933836e-004
1.660000000000001e+000	6.958147e-004
1.680000000000001e+000	6.982482e-004
1.700000000000001e+000	7.006841e-004
1.720000000000001e+000	7.031225e-004
1.740000000000001e+000	7.055635e-004
1.760000000000001e+000	7.080070e-004
1.780000000000001e+000	7.104531e-004
1.800000000000000e+000	7.129018e-004
Step Information: Vgs=1.5  (Run: 4/5)
0.000000000000000e+000	0.000000e+000
2.000000000000000e-002	4.607573e-005
4.000000000000000e-002	9.060175e-005
6.000000000000000e-002	1.336099e-004
8.000000000000000e-002	1.751309e-004
1.000000000000000e-001	2.151946e-004
1.200000000000000e-001	2.538297e-004
1.400000000000000e-001	2.910639e-004
1.600000000000000e-001	3.269239e-004
1.800000000000000e-001	3.614353e-004
2.000000000000000e-001	3.946227e-004
2.200000000000000e-001	4.265097e-004
2.400000000000000e-001	4.571184e-004
2.600000000000000e-001	4.864701e-004
2.800000000000000e-001	5.145846e-004
3.000000000000000e-001	5.414801e-004
3.200000000000000e-001	5.671736e-004
3.400000000000000e-001	5.916799e-004
3.600000000000000e-001	6.150122e-004
3.800000000000001e-001	6.371811e-004
4.000000000000001e-001	6.581949e-004
4.200000000000001e-001	6.780590e-004
4.400000000000001e-001	6.967755e-004
4.600000000000001e-001	7.143434e-004
4.800000000000002e-001	7.307587e-004
5.000000000000001e-001	7.460151e-004
5.200000000000001e-001	7.601064e-004
5.400000000000002e-001	7.730296e-004
5.600000000000002e-001	7.847907e-004
5.800000000000002e-001	7.954111e-004
6.000000000000002e-001	8.049340e-004
6.200000000000002e-001	8.134288e-004
6.400000000000002e-001	8.209891e-004
6.600000000000003e-001	8.277259e-004
6.800000000000003e-001	8.337573e-004
7.000000000000003e-001	8.391984e-004
7.200000000000003e-001	8.441539e-004
7.400000000000003e-001	8.487141e-004
7.600000000000003e-001	8.529543e-004
7.800000000000004e-001	8.569357e-004
8.000000000000004e-001	8.607075e-004
8.200000000000004e-001	8.643087e-004
8.400000000000004e-001	8.677703e-004
8.600000000000004e-001	8.711173e-004
8.800000000000005e-001	8.743692e-004
9.000000000000005e-001	8.775420e-004
9.200000000000005e-001	8.806485e-004
9.400000000000005e-001	8.836991e-004
9.600000000000005e-001	8.867024e-004
9.800000000000005e-001	8.896652e-004
1.000000000000000e+000	8.925936e-004
1.020000000000001e+000	8.954923e-004
1.040000000000001e+000	8.983653e-004
1.060000000000001e+000	9.012163e-004
1.080000000000001e+000	9.040480e-004
1.100000000000001e+000	9.068631e-004
1.120000000000001e+000	9.096635e-004
1.140000000000001e+000	9.124512e-004
1.160000000000001e+000	9.152279e-004
1.180000000000001e+000	9.179949e-004
1.200000000000001e+000	9.207533e-004
1.220000000000001e+000	9.235044e-004
1.240000000000001e+000	9.262490e-004
1.260000000000001e+000	9.289880e-004
1.280000000000001e+000	9.317221e-004
1.300000000000001e+000	9.344520e-004
1.320000000000001e+000	9.371782e-004
1.340000000000001e+000	9.399014e-004
1.360000000000001e+000	9.426219e-004
1.380000000000001e+000	9.453402e-004
1.400000000000001e+000	9.480568e-004
1.420000000000001e+000	9.507718e-004
1.440000000000001e+000	9.534857e-004
1.460000000000001e+000	9.561987e-004
1.480000000000001e+000	9.589111e-004
1.500000000000001e+000	9.616232e-004
1.520000000000001e+000	9.643352e-004
1.540000000000001e+000	9.670472e-004
1.560000000000001e+000	9.697594e-004
1.580000000000001e+000	9.724721e-004
1.600000000000001e+000	9.751853e-004
1.620000000000001e+000	9.778993e-004
1.640000000000001e+000	9.806141e-004
1.660000000000001e+000	9.833298e-004
1.680000000000001e+000	9.860467e-004
1.700000000000001e+000	9.887648e-004
1.720000000000001e+000	9.914842e-004
1.740000000000001e+000	9.942049e-004
1.760000000000001e+000	9.969271e-004
1.780000000000001e+000	9.996509e-004
1.800000000000000e+000	1.002376e-003
Step Information: Vgs=1.8  (Run: 5/5)
0.000000000000000e+000	0.000000e+000
2.000000000000000e-002	4.997581e-005
4.000000000000000e-002	9.859730e-005
6.000000000000000e-002	1.458879e-004
8.000000000000000e-002	1.918703e-004
1.000000000000000e-001	2.365668e-004
1.200000000000000e-001	2.799990e-004
1.400000000000000e-001	3.221878e-004
1.600000000000000e-001	3.631536e-004
1.800000000000000e-001	4.029162e-004
2.000000000000000e-001	4.414948e-004
2.200000000000000e-001	4.789081e-004
2.400000000000000e-001	5.151739e-004
2.600000000000000e-001	5.503098e-004
2.800000000000000e-001	5.843323e-004
3.000000000000000e-001	6.172574e-004
3.200000000000000e-001	6.491006e-004
3.400000000000000e-001	6.798762e-004
3.600000000000000e-001	7.095980e-004
3.800000000000001e-001	7.382787e-004
4.000000000000001e-001	7.659300e-004
4.200000000000001e-001	7.925628e-004
4.400000000000001e-001	8.181863e-004
4.600000000000001e-001	8.428083e-004
4.800000000000002e-001	8.664353e-004
5.000000000000001e-001	8.890716e-004
5.200000000000001e-001	9.107194e-004
5.400000000000002e-001	9.313783e-004
5.600000000000002e-001	9.510455e-004
5.800000000000002e-001	9.697150e-004
6.000000000000002e-001	9.873777e-004
6.200000000000002e-001	1.004022e-003
6.400000000000002e-001	1.019634e-003
6.600000000000003e-001	1.034201e-003
6.800000000000003e-001	1.047712e-003
7.000000000000003e-001	1.060162e-003
7.200000000000003e-001	1.071561e-003
7.400000000000003e-001	1.081935e-003
7.600000000000003e-001	1.091329e-003
7.800000000000004e-001	1.099814e-003
8.000000000000004e-001	1.107472e-003
8.200000000000004e-001	1.114400e-003
8.400000000000004e-001	1.120696e-003
8.600000000000004e-001	1.126456e-003
8.800000000000005e-001	1.131764e-003
9.000000000000005e-001	1.136697e-003
9.200000000000005e-001	1.141319e-003
9.400000000000005e-001	1.145683e-003
9.600000000000005e-001	1.149833e-003
9.800000000000005e-001	1.153805e-003
1.000000000000000e+000	1.157628e-003
1.020000000000001e+000	1.161327e-003
1.040000000000001e+000	1.164922e-003
1.060000000000001e+000	1.168427e-003
1.080000000000001e+000	1.171857e-003
1.100000000000001e+000	1.175222e-003
1.120000000000001e+000	1.178532e-003
1.140000000000001e+000	1.181793e-003
1.160000000000001e+000	1.185014e-003
1.180000000000001e+000	1.188198e-003
1.200000000000001e+000	1.191350e-003
1.220000000000001e+000	1.194475e-003
1.240000000000001e+000	1.197576e-003
1.260000000000001e+000	1.200656e-003
1.280000000000001e+000	1.203716e-003
1.300000000000001e+000	1.206761e-003
1.320000000000001e+000	1.209790e-003
1.340000000000001e+000	1.212807e-003
1.360000000000001e+000	1.215811e-003
1.380000000000001e+000	1.218806e-003
1.400000000000001e+000	1.221791e-003
1.420000000000001e+000	1.224769e-003
1.440000000000001e+000	1.227739e-003
1.460000000000001e+000	1.230703e-003
1.480000000000001e+000	1.233661e-003
1.500000000000001e+000	1.236614e-003
1.520000000000001e+000	1.239563e-003
1.540000000000001e+000	1.242508e-003
1.560000000000001e+000	1.245450e-003
1.580000000000001e+000	1.248389e-003
1.600000000000001e+000	1.251325e-003
1.620000000000001e+000	1.254259e-003
1.640000000000001e+000	1.257192e-003
1.660000000000001e+000	1.260122e-003
1.680000000000001e+000	1.263052e-003
1.700000000000001e+000	1.265980e-003
1.720000000000001e+000	1.268908e-003
1.740000000000001e+000	1.271836e-003
1.760000000000001e+000	1.274763e-003
1.780000000000001e+000	1.277689e-003
1.800000000000000e+000	1.280616e-003
