vgs	sqrt(abs(I(Vds)))
Step Information: Vds=600m  (Run: 1/5)
0.000000000000000e+000	1.173246e-005
2.000000000000000e-002	1.595080e-005
4.000000000000000e-002	2.168192e-005
6.000000000000000e-002	2.945444e-005
8.000000000000000e-002	3.997334e-005
1.000000000000000e-001	5.417159e-005
1.200000000000000e-001	7.327138e-005
1.400000000000000e-001	9.885268e-005
1.600000000000000e-001	1.329236e-004
1.800000000000000e-001	1.779824e-004
2.000000000000000e-001	2.370568e-004
2.200000000000000e-001	3.137066e-004
2.400000000000000e-001	4.119834e-004
2.600000000000000e-001	5.363590e-004
2.800000000000000e-001	6.916528e-004
3.000000000000000e-001	8.829823e-004
3.200000000000000e-001	1.115708e-003
3.400000000000000e-001	1.395255e-003
3.600000000000000e-001	1.726657e-003
3.800000000000001e-001	2.113766e-003
4.000000000000001e-001	2.558275e-003
4.200000000000001e-001	3.058917e-003
4.400000000000001e-001	3.611191e-003
4.600000000000001e-001	4.207763e-003
4.800000000000002e-001	4.839431e-003
5.000000000000001e-001	5.496319e-003
5.200000000000001e-001	6.168967e-003
5.400000000000002e-001	6.849088e-003
5.600000000000002e-001	7.529938e-003
5.800000000000002e-001	8.206372e-003
6.000000000000002e-001	8.874689e-003
6.200000000000002e-001	9.532384e-003
6.400000000000002e-001	1.017789e-002
6.600000000000003e-001	1.081031e-002
6.800000000000003e-001	1.142925e-002
7.000000000000003e-001	1.203464e-002
7.200000000000003e-001	1.262665e-002
7.400000000000003e-001	1.320556e-002
7.600000000000003e-001	1.377173e-002
7.800000000000004e-001	1.432558e-002
8.000000000000004e-001	1.486754e-002
8.200000000000004e-001	1.539802e-002
8.400000000000004e-001	1.591745e-002
8.600000000000004e-001	1.642622e-002
8.800000000000005e-001	1.692471e-002
9.000000000000005e-001	1.741326e-002
9.200000000000005e-001	1.789222e-002
9.400000000000005e-001	1.836189e-002
9.600000000000005e-001	1.882256e-002
9.800000000000005e-001	1.927449e-002
1.000000000000000e+000	1.971794e-002
1.020000000000001e+000	2.015311e-002
1.040000000000001e+000	2.058023e-002
1.060000000000001e+000	2.099947e-002
1.080000000000001e+000	2.141099e-002
1.100000000000001e+000	2.181496e-002
1.120000000000001e+000	2.221149e-002
1.140000000000001e+000	2.260068e-002
1.160000000000001e+000	2.298264e-002
1.180000000000001e+000	2.335743e-002
1.200000000000001e+000	2.372509e-002
1.220000000000001e+000	2.408566e-002
1.240000000000001e+000	2.443915e-002
1.260000000000001e+000	2.478555e-002
1.280000000000001e+000	2.512483e-002
1.300000000000001e+000	2.545695e-002
1.320000000000001e+000	2.578185e-002
1.340000000000001e+000	2.609948e-002
1.360000000000001e+000	2.640976e-002
1.380000000000001e+000	2.671261e-002
1.400000000000001e+000	2.700798e-002
1.420000000000001e+000	2.729582e-002
1.440000000000001e+000	2.757607e-002
1.460000000000001e+000	2.784874e-002
1.480000000000001e+000	2.811382e-002
1.500000000000001e+000	2.837136e-002
1.520000000000001e+000	2.862142e-002
1.540000000000001e+000	2.886410e-002
1.560000000000001e+000	2.909952e-002
1.580000000000001e+000	2.932783e-002
1.600000000000001e+000	2.954918e-002
1.620000000000001e+000	2.976376e-002
1.640000000000001e+000	2.997176e-002
1.660000000000001e+000	3.017337e-002
1.680000000000001e+000	3.036880e-002
1.700000000000001e+000	3.055824e-002
1.720000000000001e+000	3.074190e-002
1.740000000000001e+000	3.091997e-002
1.760000000000001e+000	3.109265e-002
1.780000000000001e+000	3.126012e-002
1.800000000000000e+000	3.142257e-002
Step Information: Vds=900m  (Run: 2/5)
0.000000000000000e+000	1.615302e-005
2.000000000000000e-002	2.195553e-005
4.000000000000000e-002	2.982930e-005
6.000000000000000e-002	4.049151e-005
8.000000000000000e-002	5.489304e-005
1.000000000000000e-001	7.428248e-005
1.200000000000000e-001	1.002788e-004
1.400000000000000e-001	1.349474e-004
1.600000000000000e-001	1.808690e-004
1.800000000000000e-001	2.411866e-004
2.000000000000000e-001	3.196136e-004
2.200000000000000e-001	4.203913e-004
2.400000000000000e-001	5.482007e-004
2.600000000000000e-001	7.080578e-004
2.800000000000000e-001	9.052201e-004
3.000000000000000e-001	1.145097e-003
3.200000000000000e-001	1.433067e-003
3.400000000000000e-001	1.774047e-003
3.600000000000000e-001	2.171751e-003
3.800000000000001e-001	2.627740e-003
4.000000000000001e-001	3.140633e-003
4.200000000000001e-001	3.705806e-003
4.400000000000001e-001	4.315780e-003
4.600000000000001e-001	4.961174e-003
4.800000000000002e-001	5.631904e-003
5.000000000000001e-001	6.318295e-003
5.200000000000001e-001	7.011861e-003
5.400000000000002e-001	7.705699e-003
5.600000000000002e-001	8.394553e-003
5.800000000000002e-001	9.074660e-003
6.000000000000002e-001	9.743498e-003
6.200000000000002e-001	1.039951e-002
6.400000000000002e-001	1.104184e-002
6.600000000000003e-001	1.167015e-002
6.800000000000003e-001	1.228444e-002
7.000000000000003e-001	1.288492e-002
7.200000000000003e-001	1.347193e-002
7.400000000000003e-001	1.404593e-002
7.600000000000003e-001	1.460736e-002
7.800000000000004e-001	1.515672e-002
8.000000000000004e-001	1.569447e-002
8.200000000000004e-001	1.622109e-002
8.400000000000004e-001	1.673702e-002
8.600000000000004e-001	1.724268e-002
8.800000000000005e-001	1.773846e-002
9.000000000000005e-001	1.822476e-002
9.200000000000005e-001	1.870191e-002
9.400000000000005e-001	1.917026e-002
9.600000000000005e-001	1.963012e-002
9.800000000000005e-001	2.008178e-002
1.000000000000000e+000	2.052553e-002
1.020000000000001e+000	2.096163e-002
1.040000000000001e+000	2.139032e-002
1.060000000000001e+000	2.181185e-002
1.080000000000001e+000	2.222643e-002
1.100000000000001e+000	2.263428e-002
1.120000000000001e+000	2.303559e-002
1.140000000000001e+000	2.343056e-002
1.160000000000001e+000	2.381937e-002
1.180000000000001e+000	2.420219e-002
1.200000000000001e+000	2.457917e-002
1.220000000000001e+000	2.495049e-002
1.240000000000001e+000	2.531627e-002
1.260000000000001e+000	2.567667e-002
1.280000000000001e+000	2.603181e-002
1.300000000000001e+000	2.638183e-002
1.320000000000001e+000	2.672683e-002
1.340000000000001e+000	2.706694e-002
1.360000000000001e+000	2.740227e-002
1.380000000000001e+000	2.773290e-002
1.400000000000001e+000	2.805895e-002
1.420000000000001e+000	2.838050e-002
1.440000000000001e+000	2.869764e-002
1.460000000000001e+000	2.901044e-002
1.480000000000001e+000	2.931898e-002
1.500000000000001e+000	2.962334e-002
1.520000000000001e+000	2.992356e-002
1.540000000000001e+000	3.021972e-002
1.560000000000001e+000	3.051186e-002
1.580000000000001e+000	3.080003e-002
1.600000000000001e+000	3.108427e-002
1.620000000000001e+000	3.136462e-002
1.640000000000001e+000	3.164111e-002
1.660000000000001e+000	3.191374e-002
1.680000000000001e+000	3.218255e-002
1.700000000000001e+000	3.244754e-002
1.720000000000001e+000	3.270871e-002
1.740000000000001e+000	3.296605e-002
1.760000000000001e+000	3.321955e-002
1.780000000000001e+000	3.346919e-002
1.800000000000000e+000	3.371494e-002
Step Information: Vds=1.2  (Run: 3/5)
0.000000000000000e+000	2.201510e-005
2.000000000000000e-002	2.991295e-005
4.000000000000000e-002	4.061384e-005
6.000000000000000e-002	5.507709e-005
8.000000000000000e-002	7.456525e-005
1.000000000000000e-001	1.007202e-004
1.200000000000000e-001	1.356441e-004
1.400000000000000e-001	1.819753e-004
1.600000000000000e-001	2.429440e-004
1.800000000000000e-001	3.223876e-004
2.000000000000000e-001	4.247107e-004
2.200000000000000e-001	5.547891e-004
2.400000000000000e-001	7.178391e-004
2.600000000000000e-001	9.192880e-004
2.800000000000000e-001	1.164649e-003
3.000000000000000e-001	1.459331e-003
3.200000000000000e-001	1.808226e-003
3.400000000000000e-001	2.215007e-003
3.600000000000000e-001	2.681197e-003
3.800000000000001e-001	3.205361e-003
4.000000000000001e-001	3.782782e-003
4.200000000000001e-001	4.405819e-003
4.400000000000001e-001	5.064859e-003
4.600000000000001e-001	5.749536e-003
4.800000000000002e-001	6.449883e-003
5.000000000000001e-001	7.157144e-003
5.200000000000001e-001	7.864201e-003
5.400000000000002e-001	8.565640e-003
5.600000000000002e-001	9.257607e-003
5.800000000000002e-001	9.937539e-003
6.000000000000002e-001	1.060388e-002
6.200000000000002e-001	1.125580e-002
6.400000000000002e-001	1.189302e-002
6.600000000000003e-001	1.251557e-002
6.800000000000003e-001	1.312373e-002
7.000000000000003e-001	1.371792e-002
7.200000000000003e-001	1.429863e-002
7.400000000000003e-001	1.486636e-002
7.600000000000003e-001	1.542164e-002
7.800000000000004e-001	1.596501e-002
8.000000000000004e-001	1.649695e-002
8.200000000000004e-001	1.701795e-002
8.400000000000004e-001	1.752846e-002
8.600000000000004e-001	1.802889e-002
8.800000000000005e-001	1.851966e-002
9.000000000000005e-001	1.900113e-002
9.200000000000005e-001	1.947367e-002
9.400000000000005e-001	1.993760e-002
9.600000000000005e-001	2.039322e-002
9.800000000000005e-001	2.084085e-002
1.000000000000000e+000	2.128074e-002
1.020000000000001e+000	2.171317e-002
1.040000000000001e+000	2.213837e-002
1.060000000000001e+000	2.255659e-002
1.080000000000001e+000	2.296804e-002
1.100000000000001e+000	2.337294e-002
1.120000000000001e+000	2.377148e-002
1.140000000000001e+000	2.416385e-002
1.160000000000001e+000	2.455023e-002
1.180000000000001e+000	2.493080e-002
1.200000000000001e+000	2.530571e-002
1.220000000000001e+000	2.567514e-002
1.240000000000001e+000	2.603922e-002
1.260000000000001e+000	2.639810e-002
1.280000000000001e+000	2.675192e-002
1.300000000000001e+000	2.710081e-002
1.320000000000001e+000	2.744490e-002
1.340000000000001e+000	2.778430e-002
1.360000000000001e+000	2.811914e-002
1.380000000000001e+000	2.844951e-002
1.400000000000001e+000	2.877554e-002
1.420000000000001e+000	2.909733e-002
1.440000000000001e+000	2.941496e-002
1.460000000000001e+000	2.972855e-002
1.480000000000001e+000	3.003817e-002
1.500000000000001e+000	3.034392e-002
1.520000000000001e+000	3.064588e-002
1.540000000000001e+000	3.094413e-002
1.560000000000001e+000	3.123876e-002
1.580000000000001e+000	3.152983e-002
1.600000000000001e+000	3.181742e-002
1.620000000000001e+000	3.210159e-002
1.640000000000001e+000	3.238243e-002
1.660000000000001e+000	3.265998e-002
1.680000000000001e+000	3.293432e-002
1.700000000000001e+000	3.320550e-002
1.720000000000001e+000	3.347358e-002
1.740000000000001e+000	3.373861e-002
1.760000000000001e+000	3.400065e-002
1.780000000000001e+000	3.425974e-002
1.800000000000000e+000	3.451594e-002
Step Information: Vds=1.5  (Run: 4/5)
0.000000000000000e+000	2.976812e-005
2.000000000000000e-002	4.042518e-005
4.000000000000000e-002	5.483825e-005
6.000000000000000e-002	7.427373e-005
8.000000000000000e-002	1.003830e-004
1.000000000000000e-001	1.352881e-004
1.200000000000000e-001	1.816640e-004
1.400000000000000e-001	2.428028e-004
1.600000000000000e-001	3.226388e-004
1.800000000000000e-001	4.257148e-004
2.000000000000000e-001	5.570832e-004
2.200000000000000e-001	7.221580e-004
2.400000000000000e-001	9.265538e-004
2.600000000000000e-001	1.175929e-003
2.800000000000000e-001	1.475780e-003
3.000000000000000e-001	1.831053e-003
3.200000000000000e-001	2.245460e-003
3.400000000000000e-001	2.720573e-003
3.600000000000000e-001	3.254984e-003
3.800000000000001e-001	3.843934e-003
4.000000000000001e-001	4.479634e-003
4.200000000000001e-001	5.152214e-003
4.400000000000001e-001	5.850977e-003
4.600000000000001e-001	6.565600e-003
4.800000000000002e-001	7.286995e-003
5.000000000000001e-001	8.007769e-003
5.200000000000001e-001	8.722310e-003
5.400000000000002e-001	9.426638e-003
5.600000000000002e-001	1.011813e-002
5.800000000000002e-001	1.079521e-002
6.000000000000002e-001	1.145709e-002
6.200000000000002e-001	1.210351e-002
6.400000000000002e-001	1.273457e-002
6.600000000000003e-001	1.335061e-002
6.800000000000003e-001	1.395210e-002
7.000000000000003e-001	1.453958e-002
7.200000000000003e-001	1.511363e-002
7.400000000000003e-001	1.567483e-002
7.600000000000003e-001	1.622373e-002
7.800000000000004e-001	1.676088e-002
8.000000000000004e-001	1.728678e-002
8.200000000000004e-001	1.780193e-002
8.400000000000004e-001	1.830676e-002
8.600000000000004e-001	1.880171e-002
8.800000000000005e-001	1.928718e-002
9.000000000000005e-001	1.976352e-002
9.200000000000005e-001	2.023109e-002
9.400000000000005e-001	2.069021e-002
9.600000000000005e-001	2.114119e-002
9.800000000000005e-001	2.158432e-002
1.000000000000000e+000	2.201987e-002
1.020000000000001e+000	2.244809e-002
1.040000000000001e+000	2.286922e-002
1.060000000000001e+000	2.328349e-002
1.080000000000001e+000	2.369112e-002
1.100000000000001e+000	2.409231e-002
1.120000000000001e+000	2.448727e-002
1.140000000000001e+000	2.487617e-002
1.160000000000001e+000	2.525919e-002
1.180000000000001e+000	2.563650e-002
1.200000000000001e+000	2.600827e-002
1.220000000000001e+000	2.637464e-002
1.240000000000001e+000	2.673576e-002
1.260000000000001e+000	2.709178e-002
1.280000000000001e+000	2.744283e-002
1.300000000000001e+000	2.778904e-002
1.320000000000001e+000	2.813054e-002
1.340000000000001e+000	2.846744e-002
1.360000000000001e+000	2.879985e-002
1.380000000000001e+000	2.912790e-002
1.400000000000001e+000	2.945168e-002
1.420000000000001e+000	2.977130e-002
1.440000000000001e+000	3.008685e-002
1.460000000000001e+000	3.039843e-002
1.480000000000001e+000	3.070614e-002
1.500000000000001e+000	3.101005e-002
1.520000000000001e+000	3.131026e-002
1.540000000000001e+000	3.160685e-002
1.560000000000001e+000	3.189989e-002
1.580000000000001e+000	3.218947e-002
1.600000000000001e+000	3.247565e-002
1.620000000000001e+000	3.275851e-002
1.640000000000001e+000	3.303812e-002
1.660000000000001e+000	3.331454e-002
1.680000000000001e+000	3.358785e-002
1.700000000000001e+000	3.385809e-002
1.720000000000001e+000	3.412535e-002
1.740000000000001e+000	3.438966e-002
1.760000000000001e+000	3.465109e-002
1.780000000000001e+000	3.490970e-002
1.800000000000000e+000	3.516553e-002
Step Information: Vds=1.8  (Run: 5/5)
0.000000000000000e+000	3.998966e-005
2.000000000000000e-002	5.426314e-005
4.000000000000000e-002	7.352453e-005
6.000000000000000e-002	9.942379e-005
8.000000000000000e-002	1.340882e-004
1.000000000000000e-001	1.802110e-004
1.200000000000000e-001	2.411243e-004
1.400000000000000e-001	3.208343e-004
1.600000000000000e-001	4.239969e-004
1.800000000000000e-001	5.558212e-004
2.000000000000000e-001	7.219106e-004
2.200000000000000e-001	9.280764e-004
2.400000000000000e-001	1.180150e-003
2.600000000000000e-001	1.483764e-003
2.800000000000000e-001	1.843972e-003
3.000000000000000e-001	2.264602e-003
3.200000000000000e-001	2.747351e-003
3.400000000000000e-001	3.290918e-003
3.600000000000000e-001	3.890569e-003
3.800000000000001e-001	4.538403e-003
4.000000000000001e-001	5.224293e-003
4.200000000000001e-001	5.937178e-003
4.400000000000001e-001	6.666325e-003
4.600000000000001e-001	7.402253e-003
4.800000000000002e-001	8.137238e-003
5.000000000000001e-001	8.865425e-003
5.200000000000001e-001	9.582671e-003
5.400000000000002e-001	1.028627e-002
5.600000000000002e-001	1.097461e-002
5.800000000000002e-001	1.164693e-002
6.000000000000002e-001	1.230299e-002
6.200000000000002e-001	1.294296e-002
6.400000000000002e-001	1.356724e-002
6.600000000000003e-001	1.417635e-002
6.800000000000003e-001	1.477090e-002
7.000000000000003e-001	1.535153e-002
7.200000000000003e-001	1.591885e-002
7.400000000000003e-001	1.647348e-002
7.600000000000003e-001	1.701600e-002
7.800000000000004e-001	1.754695e-002
8.000000000000004e-001	1.806686e-002
8.200000000000004e-001	1.857619e-002
8.400000000000004e-001	1.907541e-002
8.600000000000004e-001	1.956491e-002
8.800000000000005e-001	2.004510e-002
9.000000000000005e-001	2.051634e-002
9.200000000000005e-001	2.097897e-002
9.400000000000005e-001	2.143330e-002
9.600000000000005e-001	2.187963e-002
9.800000000000005e-001	2.231826e-002
1.000000000000000e+000	2.274943e-002
1.020000000000001e+000	2.317340e-002
1.040000000000001e+000	2.359040e-002
1.060000000000001e+000	2.400066e-002
1.080000000000001e+000	2.440440e-002
1.100000000000001e+000	2.480180e-002
1.120000000000001e+000	2.519306e-002
1.140000000000001e+000	2.557837e-002
1.160000000000001e+000	2.595788e-002
1.180000000000001e+000	2.633178e-002
1.200000000000001e+000	2.670022e-002
1.220000000000001e+000	2.706335e-002
1.240000000000001e+000	2.742130e-002
1.260000000000001e+000	2.777423e-002
1.280000000000001e+000	2.812226e-002
1.300000000000001e+000	2.846552e-002
1.320000000000001e+000	2.880413e-002
1.340000000000001e+000	2.913820e-002
1.360000000000001e+000	2.946786e-002
1.380000000000001e+000	2.979321e-002
1.400000000000001e+000	3.011435e-002
1.420000000000001e+000	3.043138e-002
1.440000000000001e+000	3.074440e-002
1.460000000000001e+000	3.105351e-002
1.480000000000001e+000	3.135879e-002
1.500000000000001e+000	3.166033e-002
1.520000000000001e+000	3.195821e-002
1.540000000000001e+000	3.225252e-002
1.560000000000001e+000	3.254333e-002
1.580000000000001e+000	3.283072e-002
1.600000000000001e+000	3.311477e-002
1.620000000000001e+000	3.339554e-002
1.640000000000001e+000	3.367310e-002
1.660000000000001e+000	3.394752e-002
1.680000000000001e+000	3.421886e-002
1.700000000000001e+000	3.448719e-002
1.720000000000001e+000	3.475257e-002
1.740000000000001e+000	3.501505e-002
1.760000000000001e+000	3.527470e-002
1.780000000000001e+000	3.553156e-002
1.800000000000000e+000	3.578570e-002
